RttAvg=0.000185595 sec
RttAvg=0.387686 sec
